6, 3.333, 2, 0.667, 1.333, 0.667
3.333, 6.667, 3.333, 2, 0.667, 1.333
2, 3.333, 6, 3.333, 0.667, 1.333
0.667, 2, 3.333, 4, 0.667, 1.333
1.333, 0.667, 0.667, 0.667, 3.333, 2
0.667, 1.333, 1.333, 1.333, 2, 2.667

30, 10, 10, -10, 0, 5